version https://git-lfs.github.com/spec/v1
oid sha256:601113d66f1c0e004f47d26223ab2f92614a80387b9709abc61868b641556b52
size 107635
